0.184963 0         2 1024 11.6103 0
0.255625 2.444e-07 4 1024 8.40091 8.78676e+06
0.306469 2.144e-07 6 1024 7.00718 1.00162e+07
0.34395 4.152e-07 8 1024 6.2436 5.17217e+06
0.369437 2.02e-07 10 1024 5.81285 1.06311e+07
0.396671 2.108e-07 12 1024 5.41376 1.01873e+07
0.440602 1.888e-07 14 1024 4.87397 1.13744e+07
0.455698 2.608e-07 16 1024 4.71251 8.23422e+06
0.506605 3.548e-07 18 1024 4.23897 6.05266e+06
0.517153 2.064e-07 20 1024 4.15251 1.04045e+07
0.579714 1.916e-07 22 1024 3.70438 1.12082e+07
0.576998 1.968e-07 24 1024 3.72182 1.0912e+07
0.63446 1.932e-07 26 1024 3.38474 1.11153e+07
0.660668 1.9e-07 28 1024 3.25047 1.13025e+07
0.703901 1.676e-07 30 1024 3.05083 1.28131e+07
0.718835 2.528e-07 32 1024 2.98745 8.49479e+06
0.747841 2.528e-07 34 1024 2.87158 8.49479e+06
0.780032 1.464e-07 36 1024 2.75307 1.46686e+07
0.825234 1.552e-07 38 1024 2.60227 1.38369e+07
0.837701 3.36e-07 40 1024 2.56354 6.39132e+06
0.868929 1.872e-07 42 1024 2.47141 1.14716e+07
0.879826 1.98e-07 44 1024 2.4408 1.08459e+07
0.921906 1.452e-07 46 1024 2.32939 1.47898e+07
0.961973 1.484e-07 48 1024 2.23237 1.44709e+07
1.00673 2.24e-07 50 1024 2.13313 9.58698e+06
0.998686 1.92e-07 52 1024 2.15031 1.11848e+07
1.03427 4.016e-07 54 1024 2.07632 5.34732e+06
1.07693 2.248e-07 56 1024 1.99408 9.55286e+06
1.113 1.58e-07 58 1024 1.92946 1.35917e+07
1.13865 4.012e-07 60 1024 1.88599 5.35265e+06
1.17732 3.708e-07 62 1024 1.82404 5.79149e+06
1.19526 3.956e-07 64 1024 1.79667 5.42842e+06
1.21169 2.112e-07 66 1024 1.7723 1.0168e+07
1.25509 3.956e-07 68 1024 1.71102 5.42842e+06
1.29271 3.764e-07 70 1024 1.66123 5.70532e+06
1.32949 4.62e-07 72 1024 1.61527 4.64823e+06
1.33162 1.956e-07 74 1024 1.61268 1.0979e+07
1.38485 1.996e-07 76 1024 1.5507 1.07589e+07
1.38503 3.752e-07 78 1024 1.5505 5.72357e+06
1.42109 2.664e-07 80 1024 1.51115 8.06112e+06
1.45195 3.252e-07 82 1024 1.47903 6.60358e+06
1.4797 1.464e-07 84 1024 1.4513 1.46686e+07
1.50929 3.336e-07 86 1024 1.42284 6.4373e+06
1.59614 2.108e-07 88 1024 1.34543 1.01873e+07
1.57172 3.656e-07 90 1024 1.36633 5.87386e+06
1.59814 1.664e-07 92 1024 1.34374 1.29056e+07
1.65095 1.996e-07 94 1024 1.30075 1.07589e+07
1.66191 3.344e-07 96 1024 1.29218 6.4219e+06
