1.71364 2 2048
2.19844 4 2048
2.46772 6 2048
2.80993 8 2048
2.82998 10 2048
3.02473 12 2048
3.16126 14 2048
3.40968 16 2048
3.08965 18 2048
3.5219 20 2048
3.75661 22 2048
4.12691 24 2048
3.95953 26 2048
4.31315 28 2048
4.32515 30 2048
4.45009 32 2048
4.70922 34 2048
4.95954 36 2048
4.81636 38 2048
5.57958 40 2048
5.71136 42 2048
6.46462 44 2048
7.05997 46 2048
7.8427 48 2048
8.3267 50 2048
9.53282 52 2048
10.9338 54 2048
11.652 56 2048
13.0017 58 2048
14.4194 60 2048
16.4737 62 2048
12.9536 64 2048
13.6749 66 2048
14.8074 68 2048
15.9668 70 2048
17.0154 72 2048
21.6621 74 2048
22.0319 76 2048
25.5683 78 2048
25.3123 80 2048
26.7269 82 2048
27.0721 84 2048
30.3312 86 2048
31.4329 88 2048
31.7777 90 2048
32.5941 92 2048
35.7953 94 2048
41.1998 96 2048
