11.8701 0         2 4224 12.69   0
12.6396 2.088e-07 4 4224 11.9253 7.2189e+08
13.9392 1.864e-07 6 4224 10.8134 8.08641e+08
14.4294 1.872e-07 8 4224 10.4461 8.05185e+08
14.9686 3.272e-07 10 4224 10.0698 4.60668e+08
15.513 4.172e-07 12 4224 9.7164 3.61291e+08
15.9917 1.928e-07 14 4224 9.42556 7.81798e+08
16.4998 3.136e-07 16 4224 9.13528 4.80646e+08
17.0581 2.128e-07 18 4224 8.83632 7.08321e+08
17.5895 1.876e-07 20 4224 8.56933 8.03469e+08
18.0691 2.068e-07 22 4224 8.34192 7.28872e+08
18.6427 4.048e-07 24 4224 8.08524 3.72358e+08
19.13 2.096e-07 26 4224 7.87929 7.19135e+08
19.5817 4.144e-07 28 4224 7.69754 3.63732e+08
20.1873 2.128e-07 30 4224 7.46663 7.08321e+08
20.6112 3.332e-07 32 4224 7.31304 4.52373e+08
21.1485 2.952e-07 34 4224 7.12726 5.10605e+08
21.745 2.548e-07 36 4224 6.93173 5.91565e+08
22.3345 1.94e-07 38 4224 6.74879 7.76962e+08
22.9073 1.876e-07 40 4224 6.58001 8.03469e+08
23.411 1.892e-07 42 4224 6.43847 7.96674e+08
23.8732 1.904e-07 44 4224 6.31379 7.91653e+08
24.4783 1.916e-07 46 4224 6.15772 7.86695e+08
24.9512 4.576e-07 48 4224 6.04101 3.29394e+08
25.5747 3.068e-07 50 4224 5.89374 4.913e+08
26.208 3.156e-07 52 4224 5.75131 4.776e+08
26.8219 2.256e-07 54 4224 5.6197 6.68133e+08
27.4064 1.912e-07 56 4224 5.49985 7.8834e+08
28.0334 3.276e-07 58 4224 5.37682 4.60106e+08
28.6182 3.868e-07 60 4224 5.26696 3.89686e+08
29.415 2.012e-07 62 4224 5.12429 7.49159e+08
30.0054 2.012e-07 64 4224 5.02345 7.49159e+08
30.7047 1.984e-07 66 4224 4.90905 7.59731e+08
31.3833 1.948e-07 68 4224 4.80289 7.73772e+08
32.1846 2.508e-07 70 4224 4.68332 6.01e+08
