0.278597 2 256
0.0652077 2 384
0.0775219 2 512
0.116492 2 640
0.146535 2 768
0.215126 2 896
0.260454 2 1024
0.382066 2 1152
0.452808 2 1280
0.62674 2 1408
0.727356 2 1536
0.963123 2 1664
1.07473 2 1792
1.42553 2 1920
1.78872 2 2048
1.9959 2 2176
2.23073 2 2304
2.7349 2 2432
3.22244 2 2560
3.57651 2 2688
3.88226 2 2816
4.51289 2 2944
5.17023 2 3072
5.92165 2 3200
6.30464 2 3328
7.18495 2 3456
8.21847 2 3584
8.75697 2 3712
9.66714 2 3840
10.8919 2 3968
19.0146 2 4096
13.0652 2 4224
14.1842 2 4352
15.0219 2 4480
16.7043 2 4608
18.1264 2 4736
19.7799 2 4864
20.6709 2 4992
22.8499 2 5120
24.5719 2 5248
26.3283 2 5376
28.0654 2 5504
29.1412 2 5632
31.4618 2 5760
33.8821 2 5888
36.1908 2 6016
40.5805 2 6144
41.3358 2 6272
43.437 2 6400
45.5205 2 6528
48.8571 2 6656
51.4819 2 6784
53.1707 2 6912
58.5062 2 7040
60.5526 2 7168
65.0297 2 7296
67.1517 2 7424
71.3531 2 7552
72.4994 2 7680
78.3902 2 7808
81.6422 2 7936
86.2358 2 8064
147.209 2 8192
