0.0375744 2 384
0.0723647 2 512
0.105987 2 640
0.140097 2 768
0.251003 2 896
0.281851 2 1024
0.481779 2 1152
0.501212 2 1280
0.829057 2 1408
0.820311 2 1536
1.35749 2 1664
1.29863 2 1792
2.02112 2 1920
1.84235 2 2048
2.88319 2 2176
2.53909 2 2304
3.93141 2 2432
3.87139 2 2560
5.29751 2 2688
4.98338 2 2816
6.92296 2 2944
5.78486 2 3072
8.69814 2 3200
7.02498 2 3328
10.7939 2 3456
8.93914 2 3584
13.519 2 3712
14.5607 2 3840
15.9767 2 3968
13.1382 2 4096
19.617 2 4224
15.6577 2 4352
23.3958 2 4480
18.0184 2 4608
27.3326 2 4736
24.847 2 4864
31.8581 2 4992
24.5697 2 5120
36.9917 2 5248
30.139 2 5376
42.7476 2 5504
32.1613 2 5632
49.4388 2 5760
37.1955 2 5888
56.1198 2 6016
57.8303 2 6144
63.4345 2 6272
54.2383 2 6400
71.0138 2 6528
59.6149 2 6656
76.694 2 6784
55.974 2 6912
83.1601 2 7040
77.4581 2 7168
93.2572 2 7296
79.7204 2 7424
103.427 2 7552
88.5636 2 7680
114.446 2 7808
95.3348 2 7936
126.166 2 8064
93.0679 2 8192
