0.0139411 0.00638886 2 256
0.0333018 0.0177096 2 384
0.0487911 0.0284987 2 512
0.0950513 0.060185 2 640
0.123055 0.0827868 2 768
0.215185 0.145898 2 896
0.25774 0.184963 2 1024
0.439586 0.284181 2 1152
0.523997 0.364814 2 1280
0.739236 0.513404 2 1408
0.942139 0.615691 2 1536
1.23794 0.82287 2 1664
1.46085 0.928005 2 1792
1.78048 1.21299 2 1920
2.05919 1.48368 2 2048
2.55902 1.73274 2 2176
2.85462 2.01956 2 2304
3.5001 2.38097 2 2432
4.21023 2.62313 2 2560
4.64056 3.22756 2 2688
5.45379 3.52826 2 2816
6.12752 4.14688 2 2944
7.09042 4.69099 2 3072
7.85032 5.29716 2 3200
8.87037 5.70976 2 3328
9.73203 6.61409 2 3456
11.1205 7.06838 2 3584
12.1181 8.19811 2 3712
13.2508 8.89467 2 3840
14.6262 9.86394 2 3968
16.314 18.2692 2 4096
17.509 11.8701 2 4224
19.0927 12.5841 2 4352
20.997 14.1271 2 4480
23.1751 15.345 2 4608
24.7147 16.658 2 4736
26.4135 17.5337 2 4864
28.9526 19.3404 2 4992
21.7991 20.4031 2 5120
33.0221 22.5606 2 5248
25.1784 23.5255 2 5376
38.3816 26.1663 2 5504
28.6974 27.8018 2 5632
44.0887 30.2628 2 5760
32.6556 30.7942 2 5888
50.0371 33.7632 2 6016
37.0265 37.2655 2 6144
56.3494 38.6174 2 6272
41.7007 40.9443 2 6400
63.396 42.8204 2 6528
46.7337 44.2094 2 6656
71.152 48.5718 2 6784
52.1424 49.9057 2 6912
79.406 54.879 2 7040
58.028 55.6441 2 7168
88.2923 60.8196 2 7296
64.3781 62.8175 2 7424
97.8541 66.3954 2 7552
71.1852 68.5856 2 7680
107.909 73.3418 2 7808
78.609 75.057 2 7936
118.878 80.4922 2 8064
86.3249 139.669 2 8192
