0.0564169 2 256
0.0683167 2 384
0.0836608 2 512
0.128734 2 640
0.149074 2 768
0.241739 2 896
0.266032 2 1024
0.44265 2 1152
0.445741 2 1280
0.7446 2 1408
0.933469 2 1536
1.19862 2 1664
1.48777 2 1792
1.7797 2 1920
1.64343 2 2048
2.57215 2 2176
2.57329 2 2304
3.44039 2 2432
3.26878 2 2560
4.76148 2 2688
3.79468 2 2816
6.03245 2 2944
4.85167 2 3072
7.79595 2 3200
7.57062 2 3328
9.70311 2 3456
9.81146 2 3584
11.9486 2 3712
13.2289 2 3840
14.7095 2 3968
15.6787 2 4096
17.4743 2 4224
17.3227 2 4352
20.7399 2 4480
15.8145 2 4608
24.4409 2 4736
24.8187 2 4864
28.6034 2 4992
30.5984 2 5120
33.2796 2 5248
32.0993 2 5376
38.5258 2 5504
40.2112 2 5632
44.3121 2 5760
32.7464 2 5888
50.2797 2 6016
48.1244 2 6144
56.7869 2 6272
58.974 2 6400
63.9695 2 6528
47.3506 2 6656
71.7956 2 6784
73.2876 2 6912
80.3022 2 7040
59.072 2 7168
89.3976 2 7296
94.1421 2 7424
99.3231 2 7552
77.2864 2 7680
109.69 2 7808
80.1564 2 7936
121.029 2 8064
117.331 2 8192
