0.0551853 2 256
0.0663465 2 384
0.0848729 2 512
0.112757 2 640
0.161446 2 768
0.211137 2 896
0.302685 2 1024
0.389678 2 1152
0.520347 2 1280
0.687677 2 1408
0.882887 2 1536
1.11332 2 1664
1.3704 2 1792
1.66251 2 1920
2.04052 2 2048
2.44983 2 2176
2.9146 2 2304
3.47201 2 2432
4.03666 2 2560
4.72737 2 2688
5.46194 2 2816
6.3713 2 2944
7.28899 2 3072
8.28735 2 3200
9.41982 2 3328
10.5743 2 3456
11.9451 2 3584
13.5305 2 3712
15.1432 2 3840
16.9507 2 3968
19.0247 2 4096
20.801 2 4224
22.9421 2 4352
25.5709 2 4480
28.3523 2 4608
30.7062 2 4736
33.7751 2 4864
36.8713 2 4992
40.0527 2 5120
43.9827 2 5248
47.6171 2 5376
51.5948 2 5504
56.0282 2 5632
60.04 2 5760
64.9831 2 5888
70.5389 2 6016
75.3107 2 6144
81.6901 2 6272
87.1158 2 6400
93.0093 2 6528
100.483 2 6656
106.231 2 6784
114.023 2 6912
123.376 2 7040
130.019 2 7168
138.892 2 7296
150.349 2 7424
160.858 2 7552
167.15 2 7680
177.578 2 7808
186.74 2 7936
200.375 2 8064
210.757 2 8192
