0.317277 2 640
0.312003 2 768
0.312958 2 896
0.311303 2 1024
0.900817 2 1152
1.01492 2 1280
1.01207 2 1408
1.01302 2 1536
1.63137 2 1664
1.63268 2 1792
1.63167 2 1920
1.62744 2 2048
3.69224 2 2176
3.69988 2 2304
4.03764 2 2432
3.68529 2 2560
4.85463 2 2688
4.85485 2 2816
4.85808 2 2944
4.85172 2 3072
9.72905 2 3200
9.72704 2 3328
9.745 2 3456
9.73401 2 3584
10.8224 2 3712
10.8299 2 3840
10.8201 2 3968
10.8382 2 4096
20.2481 2 4224
20.2685 2 4352
20.3162 2 4480
20.5886 2 4608
20.3856 2 4736
26.0998 2 4864
20.3813 2 4992
20.7484 2 5120
37.0475 2 5248
36.6508 2 5376
36.6217 2 5504
37.0214 2 5632
34.794 2 5760
34.7743 2 5888
34.8366 2 6016
34.8165 2 6144
58.127 2 6272
60.1297 2 6400
60.5402 2 6528
60.0485 2 6656
53.6646 2 6784
55.1433 2 6912
53.6257 2 7040
54.0763 2 7168
91.7662 2 7296
91.671 2 7424
91.7677 2 7552
91.6803 2 7680
78.9566 2 7808
78.9839 2 7936
79.0219 2 8064
79.5461 2 8192
