0.0880446 2 384
0.0888791 2 512
0.169766 2 640
0.170242 2 768
0.270352 2 896
0.269981 2 1024
0.54218 2 1152
0.544657 2 1280
0.710137 2 1408
0.885889 2 1536
1.3559 2 1664
1.34464 2 1792
1.52832 2 1920
1.50074 2 2048
2.72128 2 2176
2.71811 2 2304
2.74481 2 2432
2.73251 2 2560
4.81635 2 2688
4.85875 2 2816
4.60634 2 2944
4.60696 2 3072
7.83062 2 3200
7.94357 2 3328
8.97353 2 3456
7.06375 2 3584
11.9803 2 3712
12.0541 2 3840
10.4338 2 3968
10.3168 2 4096
17.4613 2 4224
17.3289 2 4352
14.5699 2 4480
14.6028 2 4608
24.0074 2 4736
24.2108 2 4864
19.8179 2 4992
19.8344 2 5120
32.4153 2 5248
32.2813 2 5376
34.9721 2 5504
26.1148 2 5632
42.5045 2 5760
42.3078 2 5888
33.6501 2 6016
33.6448 2 6144
54.4333 2 6272
54.1863 2 6400
42.3835 2 6528
42.4432 2 6656
67.9083 2 6784
68.0647 2 6912
52.7915 2 7040
75.8362 2 7168
84.7248 2 7296
84.2845 2 7424
64.7838 2 7552
64.8294 2 7680
102.736 2 7808
102.454 2 7936
78.1314 2 8064
78.2676 2 8192
