11.879 2 4096
13.9784 4 4096
17.5571 6 4096
18.3014 8 4096
19.4096 10 4096
19.0377 12 4096
21.5648 14 4096
22.8441 16 4096
23.874 18 4096
25.0941 20 4096
25.5378 22 4096
26.1489 24 4096
27.1732 26 4096
28.102 28 4096
28.4436 30 4096
29.0242 32 4096
29.534 34 4096
30.6339 36 4096
33.2975 38 4096
37.6907 40 4096
42.8136 42 4096
47.5032 44 4096
54.3243 46 4096
62.3723 48 4096
72.005 50 4096
82.9794 52 4096
95.2211 54 4096
106.803 56 4096
122.468 58 4096
140.095 60 4096
159.508 62 4096
121.201 64 4096
132.981 66 4096
147.308 68 4096
161.158 70 4096
174.562 72 4096
189.037 74 4096
208.782 76 4096
222.837 78 4096
242.683 80 4096
252.723 82 4096
294.838 84 4096
288.469 86 4096
317.91 88 4096
340.59 90 4096
385.609 92 4096
401.842 94 4096
454.368 96 4096
