0.0456363 2 512
0.0590135 4 512
0.0808656 6 512
0.108524 8 512
0.141703 10 512
0.148037 12 512
0.164159 14 512
0.178583 16 512
0.205761 18 512
0.202231 20 512
0.233369 22 512
0.221353 24 512
0.224891 26 512
0.23451 28 512
0.234393 30 512
0.293047 32 512
0.256665 34 512
0.277862 36 512
0.281699 38 512
0.306285 40 512
0.304349 42 512
0.495492 44 512
0.323528 46 512
0.344186 48 512
0.351872 50 512
0.357811 52 512
0.352889 54 512
0.377177 56 512
0.399596 58 512
0.420264 60 512
0.430881 62 512
0.508667 64 512
0.549572 66 512
0.526749 68 512
0.60748 70 512
0.559996 72 512
0.590393 74 512
0.618939 76 512
0.609366 78 512
0.659104 80 512
0.673156 82 512
0.713297 86 512
0.703156 88 512
0.722116 90 512
0.750088 92 512
0.74584 94 512
0.739499 96 512
