0.512117 1 1024
0.409652 1 1024
0.485722 2 1024
0.561066 3 1024
0.643396 4 1024
0.721482 5 1024
0.812126 6 1024
0.894023 7 1024
0.98234 8 1024
1.07485 9 1024
1.17286 10 1024
1.25952 11 1024
1.34882 12 1024
1.40955 13 1024
1.4894 14 1024
1.55425 15 1024
1.58381 16 1024
1.70322 17 1024
1.77457 18 1024
1.85342 19 1024
1.91951 20 1024
1.94695 21 1024
2.098 22 1024
0.4105 1 1024
0.485941 2 1024
0.564242 3 1024
0.645101 4 1024
0.728643 5 1024
0.808982 6 1024
0.889246 7 1024
0.981729 8 1024
1.08083 9 1024
1.16425 10 1024
1.22794 11 1024
1.35394 12 1024
1.37067 13 1024
1.48294 14 1024
1.49731 15 1024
1.62391 16 1024
1.71229 17 1024
1.77541 18 1024
1.85017 19 1024
1.91937 20 1024
2.00309 21 1024
2.07689 22 1024
2.15782 23 1024
2.19028 24 1024
2.23877 25 1024
2.31536 26 1024
2.42235 27 1024
2.49879 28 1024
2.55305 29 1024
2.60575 30 1024
2.70873 31 1024
2.73957 32 1024
2.86866 33 1024
2.97068 34 1024
3.06211 35 1024
3.22056 36 1024
3.27736 37 1024
3.52515 38 1024
3.70055 39 1024
3.9066 40 1024
4.11156 41 1024
4.30292 42 1024
4.61086 43 1024
4.8834 44 1024
5.1853 45 1024
5.56527 46 1024
5.8746 47 1024
6.25462 48 1024
6.69985 49 1024
7.13065 50 1024
7.52288 51 1024
8.33986 52 1024
8.55601 53 1024
9.3526 54 1024
10.4 55 1024
10.2526 56 1024
11.0739 57 1024
12.0547 58 1024
12.8116 59 1024
13.4702 60 1024
14.2213 61 1024
15.3366 62 1024
15.9479 63 1024
11.5113 64 1024
11.8595 65 1024
12.3298 66 1024
12.9678 67 1024
13.6063 68 1024
14.5916 69 1024
14.3062 70 1024
15.2149 71 1024
15.8432 72 1024
16.6259 73 1024
16.5332 74 1024
17.3064 75 1024
18.3462 76 1024
18.7749 77 1024
19.7082 78 1024
19.6253 79 1024
20.7824 80 1024
