0.4105 1 1024
0.485941 2 1024
0.564242 3 1024
0.645101 4 1024
0.728643 5 1024
0.808982 6 1024
0.889246 7 1024
0.981729 8 1024
1.08083 9 1024
1.16425 10 1024
1.22794 11 1024
1.35394 12 1024
1.37067 13 1024
1.48294 14 1024
1.49731 15 1024
1.62391 16 1024
1.71229 17 1024
1.77541 18 1024
1.85017 19 1024
1.91937 20 1024
2.00309 21 1024
2.07689 22 1024
2.15782 23 1024
2.19028 24 1024
2.23877 25 1024
2.31536 26 1024
2.42235 27 1024
2.49879 28 1024
2.55305 29 1024
2.60575 30 1024
2.70873 31 1024
2.73957 32 1024
2.86866 33 1024
2.97068 34 1024
3.06211 35 1024
3.22056 36 1024
3.27736 37 1024
3.52515 38 1024
3.70055 39 1024
3.9066 40 1024
4.11156 41 1024
4.30292 42 1024
4.61086 43 1024
4.8834 44 1024
5.1853 45 1024
5.56527 46 1024
5.8746 47 1024
6.25462 48 1024
