0.0571521 2 256
0.0656026 2 384
0.0778322 2 512
0.117758 2 640
0.177219 2 768
0.215054 2 896
0.262915 2 1024
0.404783 2 1152
0.522735 2 1280
0.634669 2 1408
0.724647 2 1536
0.96746 2 1664
1.25443 2 1792
1.3788 2 1920
1.75398 2 2048
1.96591 2 2176
2.4879 2 2304
2.69723 2 2432
3.18814 2 2560
3.61791 2 2688
4.35011 2 2816
4.6864 2 2944
5.31205 2 3072
5.85465 2 3200
7.13763 2 3328
7.27556 2 3456
8.21853 2 3584
8.84818 2 3712
10.3137 2 3840
10.9397 2 3968
19.0471 2 4096
12.7979 2 4224
15.0679 2 4352
15.1898 2 4480
16.4173 2 4608
18.1816 2 4736
20.6535 2 4864
20.8748 2 4992
22.861 2 5120
23.6833 2 5248
27.3884 2 5376
27.2597 2 5504
29.5953 2 5632
31.9506 2 5760
35.6758 2 5888
35.5035 2 6016
40.2637 2 6144
40.9746 2 6272
44.5884 2 6400
45.8575 2 6528
47.3074 2 6656
52.2992 2 6784
54.8993 2 6912
58.4897 2 7040
60.722 2 7168
64.8914 2 7296
68.7721 2 7424
71.9386 2 7552
72.5205 2 7680
77.8119 2 7808
82.8475 2 7936
85.4423 2 8064
147.337 2 8192
