0.0582488 2 256
0.0744371 2 384
0.107422 2 512
0.145509 2 640
0.182034 2 768
0.218628 2 896
0.26451 2 1024
0.389702 2 1152
0.538629 2 1280
0.741691 2 1408
1.04909 2 1536
1.13318 2 1664
1.25786 2 1792
1.40471 2 1920
1.78943 2 2048
2.03007 2 2176
2.50961 2 2304
2.94542 2 2432
3.75794 2 2560
3.99932 2 2688
4.22062 2 2816
4.65683 2 2944
5.30839 2 3072
5.86329 2 3200
6.89838 2 3328
7.90186 2 3456
9.41564 2 3584
9.67111 2 3712
10.6086 2 3840
10.6575 2 3968
19.2355 2 4096
13.023 2 4224
14.661 2 4352
16.344 2 4480
18.2529 2 4608
18.9224 2 4736
20.1556 2 4864
20.7 2 4992
22.2454 2 5120
23.7966 2 5248
27.0281 2 5376
28.8074 2 5504
32.0811 2 5632
33.8986 2 5760
35.7374 2 5888
36.396 2 6016
40.752 2 6144
41.6695 2 6272
45.2891 2 6400
48.6901 2 6528
51.5776 2 6656
53.1938 2 6784
56.6676 2 6912
58.4377 2 7040
59.2781 2 7168
65.2946 2 7296
69.5113 2 7424
74.4758 2 7552
78.8095 2 7680
81.9118 2 7808
84.1152 2 7936
87.1487 2 8064
147.904 2 8192
