EL_ST 0 0
    325.8479893          1      1     
   -325.8479893         -1     -1
    559.3454965          2      2     
   -559.3454965         -2     -2
    674.6827799          3      3     
   -674.6827799         -3     -3     
    899.3081883          4      4     
   -899.3081883         -4     -4
   1698.2003500          5      5     
  -1698.2003500         -5     -5
    518.2112206          6      6     
   -518.2112206         -6     -6
    416.9886398          7      7     
   -416.9886398         -7     -7
    542.0045763          8      8     
   -542.0045763         -8     -8
    384.7264626          9      9     
   -384.7264626         -9     -9
    742.0300747         10     10     
   -742.0300747        -10    -10
    882.3705453         11     11     
   -882.3705453        -11    -11
   1686.1020340         12     12     
  -1686.1020340        -12    -12
    211.3172604         13     13     
   -211.3172604        -13    -13
    553.6996155         14     14     
   -553.6996155        -14    -14
    556.9258332         15     15     
   -556.9258332        -15    -15
    626.6927913         16     16     
   -626.6927913        -16    -16
    828.7346758         17     17     
   -828.7346758        -17    -17
   1686.5053110         18     18     
  -1686.5053110        -18    -18
    551.6832294         19     19     
   -551.6832294        -19    -19
    598.8666635         20     20     
   -598.8666635        -20    -20
    779.1315784         21     21     
   -779.1315784        -21    -21
   1695.3774100         22     22     
  -1695.3774100        -22    -22     
    242.7728831         23     23     
   -242.7728831        -23    -23
    443.2016587         24     24     
   -443.2016587        -24    -24
EL_ST 1 1
    325.8479893          1      1     
   -325.8479893         -1     -1
    559.3454965          2      2     
   -559.3454965         -2     -2
    674.6827799          3      3     
   -674.6827799         -3     -3     
    899.3081883          4      4     
   -899.3081883         -4     -4
   1698.2003500          5      5     
  -1698.2003500         -5     -5
    518.2112206          6      6     
   -518.2112206         -6     -6
    416.9886398          7      7     
   -416.9886398         -7     -7
    542.0045763          8      8     
   -542.0045763         -8     -8
    384.7264626          9      9     
   -384.7264626         -9     -9
    742.0300747         10     10     
   -742.0300747        -10    -10
    882.3705453         11     11     
   -882.3705453        -11    -11
   1686.1020340         12     12     
  -1686.1020340        -12    -12
    211.3172604         13     13     
   -211.3172604        -13    -13
    553.6996155         14     14     
   -553.6996155        -14    -14
    556.9258332         15     15     
   -556.9258332        -15    -15
    626.6927913         16     16     
   -626.6927913        -16    -16
    828.7346758         17     17     
   -828.7346758        -17    -17
   1686.5053110         18     18     
  -1686.5053110        -18    -18
    551.6832294         19     19     
   -551.6832294        -19    -19
    598.8666635         20     20     
   -598.8666635        -20    -20
    779.1315784         21     21     
   -779.1315784        -21    -21
   1695.3774100         22     22     
  -1695.3774100        -22    -22     
    242.7728831         23     23     
   -242.7728831        -23    -23
    443.2016587         24     24     
   -443.2016587        -24    -24
EL_ST 0 0
   -791.2298948          1      0     
   -405.6968778          2      0     
   1171.1170310          3      0     
   -358.9167209          4      0     
    135.5011441          5      0     
EL_ST 1 1
   1092.8812510          1      0
  -1313.8771650          2      0
    302.4579109          3      0
    135.5011441          4      0
    130.6618175          5      0
EL_ST 0 0
     0.16131088          1      1     
     8.71078783          1      2     
   -16.45371035          1      3     
   -10.88848479          1      4     
   -22.98680123          1      5     
     8.71078783          2      1     
   -65.33090875          2      2     
    38.23067993          2      3     
    12.42093821          2      4     
   -13.14683719          2      5     
   -16.45371035          3      1     
    38.23067993          3      2     
    -9.35603137          3      3     
    70.33154621          3      4     
   -38.23067993          3      5     
   -10.88848479          4      1     
    12.42093821          4      2     
    70.33154621          4      3     
     2.25835240          4      4     
   -11.53372833          4      5     
   -22.98680123          5      1     
   -13.14683719          5      2     
   -38.23067993          5      3     
   -11.53372833          5      4     
   -9.517342262          5      5     
  131.145750200         13     13
    8.065544290         14     13
    8.065544290         13     14
 -164.537103500         14     14
  -93.479658320          6      6     
 -181.636057400          7      7     
   -3.952116702          7      8     
   -3.952116702          8      7     
 -147.196183300          8      8     
  -59.765683190          9      9     
  106.545840100          9     10     
  -57.829952560          9     11     
   41.537553090          9     12     
  106.545840100         10      9     
  418.037160600         10     10     
 -317.943755900         10     11     
   13.711425290         10     12     
  -57.829952560         11      9     
 -317.943755900         11     10     
 -462.397654100         11     11     
  -16.453710350         11     12     
   41.537553090         12      9
   13.711425290         12     10     
  -16.453710350         12     11     
  -26.858262490         12     12     
 -388.678579300         15     15     
   42.344107520         15     16     
  -39.117889810         15     17     
  -26.293674390         15     18     
   42.344107520         16     15     
  -63.879110780         16     16     
   68.718437350         16     17     
   71.622033300         16     18     
  -39.117889810         17     15     
   68.718437350         17     16     
 -100.496681900         17     17     
  -35.730361200         17     18     
  -26.293674390         18     15     
   71.622033300         18     16     
  -35.730361200         18     17     
  -39.682477910         18     18     
  -18.163605740         19     19     
    1.290487086         19     20     
  -20.163860730         19     21     
   28.793993120         19     22     
    1.290487086         20     19     
  316.491957900         20     20     
  -15.889122250         20     21     
  -27.019573370         20     22     
  -20.163860730         21     19     
  -15.889122250         21     20     
   80.010199360         21     21     
   50.248340930         21     22     
   28.793993120         22     19     
  -27.019573370         22     20     
   50.248340930         22     21     
   -8.872098719         22     22     
 -175.506243800         23     23     
  -50.328996370         23     24     
  -50.328996370         24     23     
   25.406464510         24     24     
EL_ST 1 1 
  -73.961041140          1      1
  -24.035321980          1      2
  -15.243878710          1      3
  -16.373054910          1      4
  -10.323896690          1      5
  -24.035321980          2      1
   39.359856140          2      2
    9.275375934          2      3
   25.083842740          2      4
  -48.393265740          2      5
  -15.243878710          3      1
    9.275375934          3      2
    1.774419744          3      3
   96.302598820          3      4
  -26.938917930          3      5
  -16.373054910          4      1
   25.083842740          4      2
   96.302598820          4      3
  102.593723400          4      4
  -57.507330790          4      5     
  -10.323896690          5      1     
  -48.393265740          5      2     
  -26.938917930          5      3     
  -57.507330790          5      4     
    3.145562270          5      5     
 -117.676291200         13     13     
   -7.339645304         14     13     
   -7.339645304         13     14     
  -49.845063710         14     14     
  -93.479658320          6      6
 -277.858000800          7      7
   73.477108480          7      8
   73.477108480          8      7
  -21.373692370          8      8
  -31.052345520          9      9
  -53.313247760          9     10
   34.601185000          9     11
  -19.841238950          9     12
  -53.313247760         10      9
  390.533654500         10     10
 -244.708613800         10     11
  -14.921256940         10     12
   34.601185000         11      9
 -244.708613800         11     10
 -510.710264400         11     11
  -31.294311850         11     12
  -19.841238950         12      9
  -14.921256940         12     10
  -27.261539700         12     11
   -3.226217716         12     12
  -67.750572040         15     15
   43.231317390         15     16
   -7.823577961         15     17
    2.742285059         15     18
   43.231317390         16     15
   34.601185000         16     16
   16.856987570         16     17
   -3.952116702         16     18
   -7.823577961         17     15
   16.856987570         17     16
  -59.201095090         17     17
   27.906783240         17     18
    2.742285059         18     15
   -3.952116702         18     16
   27.906783240         18     17
    5.000637460         18     18
  -95.092767180         19     19
  -68.073193810         19     20
  564.588100300         19     21
 -100.738648200         19     22
  -68.073193810         20     19
    32.26217716         20     20
  -403.27721450         20     21
    21.37369237         20     22
   564.58810030         21     19
  -403.27721450         21     20
   100.49668190         21     21
    -7.09767897         21     22
  -100.73864820         22     19
    21.37369237         22     20
    -7.09767897         22     21
     5.56522556         22     22
  -178.57115000         23     23
   -21.05107060         23     24
   -21.05107060         24     23
   -40.00509968         24     24
EL_ST 0 1
  1677.63321200          6      0     
    50.65161814          6      1     
   -44.44114904          6      2     
    10.24324125          6      3     
    64.44369888          6      4     
   -41.29558676          6      5     
    50.65161814          1      6     
   -44.44114904          2      6     
    10.24324125          3      6     
    64.44369888          4      6     
   -41.29558676          5      6     
  -110.65926770          7      9     
   -37.58543639          7     10     
    26.53564071          7     11     
    -2.50031873          7     12     
  -110.65926770          9      7     
   -37.58543639         10      7     
    26.53564071         11      7     
    -2.50031873         12      7     
    48.23195485          8      9     
   -73.71907481          8     10     
    77.50988063          8     11     
    40.32772145          8     12     
    48.23195485          9      8     
   -73.71907481         10      8     
    77.50988063         11      8     
    40.32772145         12      8     
   -85.17214770         13     15     
    45.08639258         13     16     
    32.34283260         13     17     
   -18.22813010         13     18     
   -85.17214770         15     13     
    45.08639258         16     13     
    32.34283260         17     13     
   -18.22813010         18     13     
   -96.78653148         14     15     
   -17.17960934         14     16     
    26.45498527         14     17     
   -31.93955539         14     18     
   -96.78653148         15     14     
   -17.17960934         16     14     
    26.45498527         17     14     
   -31.93955539         18     14     
     9.51734226         23     19     
    -0.72589898         23     20     
   -22.98680123         23     21     
    -7.66226707         23     22     
     9.51734226         19     23     
    -0.72589898         20     23     
   -22.98680123         21     23     
    -7.66226707         22     23     
   103.31962240         24     19     
  -143.56668840         24     20     
    10.80782935         24     21     
   -38.79526803         24     22     
   103.31962240         19     24     
  -143.56668840         20     24     
    10.80782935         21     24     
   -38.79526803         22     24     
EL_ST 1 0
  1677.63321200          6      0     
    50.65161814          6      1     
   -44.44114904          6      2     
    10.24324125          6      3     
    64.44369888          6      4     
   -41.29558676          6      5     
    50.65161814          1      6     
   -44.44114904          2      6     
    10.24324125          3      6     
    64.44369888          4      6     
   -41.29558676          5      6     
  -110.65926770          7      9     
   -37.58543639          7     10     
    26.53564071          7     11     
    -2.50031873          7     12     
  -110.65926770          9      7     
   -37.58543639         10      7     
    26.53564071         11      7     
    -2.50031873         12      7     
    48.23195485          8      9     
   -73.71907481          8     10     
    77.50988063          8     11     
    40.32772145          8     12     
    48.23195485          9      8     
   -73.71907481         10      8     
    77.50988063         11      8     
    40.32772145         12      8     
   -85.17214770         13     15     
    45.08639258         13     16     
    32.34283260         13     17     
   -18.22813010         13     18     
   -85.17214770         15     13     
    45.08639258         16     13     
    32.34283260         17     13     
   -18.22813010         18     13     
   -96.78653148         14     15     
   -17.17960934         14     16     
    26.45498527         14     17     
   -31.93955539         14     18     
   -96.78653148         15     14     
   -17.17960934         16     14     
    26.45498527         17     14     
   -31.93955539         18     14     
     9.51734226         23     19     
    -0.72589898         23     20     
   -22.98680123         23     21     
    -7.66226707         23     22     
     9.51734226         19     23     
    -0.72589898         20     23     
   -22.98680123         21     23     
    -7.66226707         22     23     
   103.31962240         24     19     
  -143.56668840         24     20     
    10.80782935         24     21     
   -38.79526803         24     22     
   103.31962240         19     24     
  -143.56668840         20     24     
    10.80782935         21     24     
   -38.79526803         22     24     
