EL_ST 0 0
-4114.23                0      0
  325.84799             1      1     
 -325.84799            -1     -1
  559.34550             2      2     
 -559.34550            -2     -2
  674.68277             3      3     
 -674.68277            -3     -3     
  518.21124             4      4     
 -518.21124            -4     -4     
EL_ST 1 1
 4114.23                0      0
  325.84799             1      1     
 -325.84799            -1     -1
  559.34550             2      2     
 -559.34550            -2     -2
  674.68277             3      3     
 -674.68277            -3     -3     
  518.21124             4      4     
 -518.21124            -4     -4     
EL_ST 0 0
 -791.22989             1      0
 -405.69687             2      0
 1171.11703             3      0
EL_ST 1 1
 1092.881251            1      0
-1379.877165            2      0
  302.457910            3      0
EL_ST 0 0
   0.16131088           1      1
   8.71078783           1      2
 -16.45371035           1      3
   8.71078783           2      1
 -65.33090875           2      2
  38.23067993           2      3
 -16.45371035           3      1
  38.23067993           3      2
  -9.35603137           3      3
 -93.47965832           4      4
EL_ST 1 1 
 -73.96104114           1      1
 -24.03532198           1      2
 -15.24387871           1      3
 -24.03532198           2      1
  39.35985614           2      2
   9.27537593           2      3
 -15.24387871           3      1
   9.27537593           3      2
   1.77441974           3      3
 -93.47965832           4      4
EL_ST 0 1
 1677.63321200          4      0
  -80.65544294          4      1
  -44.44114904          4      2
   10.24324125          4      3
   50.65161814          1      4
  -44.44114904          2      4
   10.24324125          3      4
EL_ST 1 0
 1677.63321200          4      0
  -80.65544294          4      1
  -44.44114904          4      2
   10.24324125          4      3
   50.65161814          1      4
  -44.44114904          2      4
   10.24324125          3      4
